9 26 3
0.0706545 0.01127 0.0429129 0.0515821 0.150412 0.00953619 0.00650195 0.00996966 0.0814911 0.0082358 0 0.053316 0.0307759 0.0741222 0.0580841 0.0351105 0.00910273 0.0715215 0.0975293 0.0641526 0.0489814 0.01127 0 0.00130039 0.00173385 0.000433463 
1 0 0
0.0803818 0.00763521 0.0320254 0.040509 0.156098 0.0097561 0.0116649 0.00996819 0.0708378 0.00424178 0.00148462 0.0634146 0.0279958 0.0780488 0.0511135 0.0275716 0.00848356 0.0680806 0.0863203 0.0750795 0.0648993 0.0156946 0.00106045 0.00339343 0.00296925 0.00127253 
1 0 0
0.0832689 0.00953854 0.0299046 0.0482083 0.151843 0.00541377 0.0167569 0.00696056 0.0701212 0.00360918 0.00180459 0.0582624 0.0291312 0.0739881 0.0525909 0.0270688 0.0100541 0.0711524 0.0940964 0.0714102 0.0598092 0.0188193 0.000257798 0.00335138 0.00128899 0.00128899 
1 0 0
0.109281 0.0112275 0.0516467 0.0475299 0.142216 0.0127246 0.00860778 0.00486527 0.061003 0.00224551 0.000374252 0.061003 0.0306886 0.0763473 0.0838323 0.0344311 0.00973054 0.0625 0.0823353 0.0445359 0.0415419 0.0116018 0.00112275 0.000748503 0.00711078 0.000748503 
0 1 0
0.130853 0.013511 0.049417 0.0444198 0.120304 0.0111049 0.0118453 0.00962428 0.0710716 0.00351656 0.000185082 0.0599667 0.0257264 0.0677401 0.0871738 0.0260966 0.00906904 0.0694059 0.0721821 0.044975 0.0421988 0.0107348 0 0.00111049 0.0094392 0.00832871 
0 1 0
0.117109 0.0145685 0.048375 0.0474412 0.13037 0.00803138 0.012514 0.00728427 0.0739634 0.00280164 0 0.0493089 0.0360478 0.0791931 0.0782592 0.0304445 0.0112066 0.0593948 0.0769518 0.0494957 0.0395966 0.010833 0.000186776 0.00205454 0.00933881 0.00522973 
0 1 0
0.0894809 0.0173692 0.0276151 0.0399102 0.120999 0.020687 0.0203942 0.0607923 0.0752342 0.00156128 0.00741608 0.0441062 0.0265418 0.0654762 0.0696721 0.0179547 0.00068306 0.0619633 0.0646956 0.0929938 0.0239071 0.0119048 0.0173692 0.0014637 0.0189305 0.00087822 
0 0 1
0.085362 0.018337 0.038571 0.0433133 0.124881 0.028454 0.0196016 0.038571 0.077142 0.000632311 0.0154916 0.0398356 0.0275055 0.0584888 0.0825166 0.0294025 0.000948467 0.050901 0.0613342 0.0882074 0.0221309 0.0129624 0.0180209 0.00158078 0.0135947 0.00221309 
0 0 1
0.0777014 0.0166094 0.032646 0.0385643 0.122948 0.017564 0.0309278 0.0465827 0.0729286 0.00210004 0.0106911 0.0429553 0.0185185 0.0790378 0.0811378 0.0223368 0.000954563 0.0582283 0.0723559 0.0834288 0.0259641 0.010882 0.0164185 0.00400916 0.0143184 0.000190913 
0 0 1
